9.676768008134475352e+00
7.146957203955189186e+00
1.172523683040041931e+01
7.302747627618038528e+00
1.754852677369633085e+01
6.233123357272675413e+00
7.632291440526157267e+00
8.100084587691481985e+00
8.733525835777351531e+00
6.342236352294089663e+00
5.431754778666009642e+00
6.734321764174520553e+00
8.226088604516549552e+00
9.494968307427496867e+00
9.050853149567952727e+00
9.575997926454308029e+00
8.682534004206310385e+00
1.243305257640606065e+01
9.092254694953410876e+00
9.493973478381636966e+00
7.455713579148389947e+00
1.109859589257810519e+01
8.365372590378699513e+00
6.976583561318239646e+00
6.057851826697035591e+00
5.822258709232499108e+00
1.475066363053682394e+01
6.114119708398933817e+00
1.406813836200245404e+01
5.400658689903092835e+00
9.747759959573517818e+00
7.945484354638384872e+00
7.623113574459570607e+00
1.113098896458995313e+01
1.038031672076909118e+01
1.254434185370620902e+01
8.394736240822451734e+00
6.809175323712189254e+00
1.021504194684094813e+01
5.728070088846505925e+00
4.683961178159385952e+00
1.250676591829329709e+01
6.612778651701829880e+00
8.726175553490206127e+00
1.504183066823128101e+01
1.028121440390257568e+01
1.005136807421939515e+01
7.426334020480084952e+00
8.150780535302637020e+00
1.188056111268557125e+01
7.619589913758648692e+00
9.073352880551389887e+00
9.973681702476383748e+00
6.375273226133899129e+00
1.348405483600299171e+01
7.652903556074885039e+00
6.845164375620591102e+00
1.019553246893931586e+01
9.553861112855198456e+00
9.888010185026960386e+00
7.263687457856359941e+00
7.929336694046918765e+00
1.391910735625341466e+01
6.570121816078312804e+00
1.618739116700071889e+01
6.469706033946211576e+00
8.417392918100649268e+00
5.672453668392853032e+00
1.304788876677273457e+01
8.376666908095396380e+00
5.720829825262763180e+00
1.413017414148805706e+01
7.905654341293510079e+00
1.040204376491084126e+01
1.305483300028676119e+01
1.367448796859301119e+01
5.901782692928711604e+00
1.216879229915728722e+01
7.017259307843676019e+00
7.004305090766453468e+00
1.086465112601121241e+01
1.103264282750935443e+01
1.488657702201595612e+01
4.904583564264433093e+00
4.897599429964937023e+00
7.893417802937538141e+00
1.979014099718582642e+01
4.033435275549685173e+00
1.569322920104219321e+01
9.162205615248613100e+00
6.060742257507675923e+00
7.003531686950869251e+00
7.686412092888830649e+00
5.910188414774633081e+00
1.495762926751099009e+01
7.342928522995475049e+00
9.142108991277900998e+00
9.042804964907160681e+00
8.808376857649232505e+00
1.534865908262354850e+01
9.917043732239118725e+00
1.765630047208630771e+01
1.102644169012155295e+01
1.211966341649191747e+01
9.224115381795906288e+00
4.304559931112406090e+00
8.820253659138209912e+00
6.833342621854811227e+00
8.575489343726484748e+00
1.024498772987722717e+01
7.982023965373105767e+00
1.005208605834564395e+01
6.293991365090388257e+00
9.888289531071745131e+00
1.326125302442745735e+01
1.754642841751137183e+01
1.368293658634071441e+01
1.201472182081692708e+01
7.747333721313276911e+00
9.833752596066933194e+00
9.133749072478668296e+00
1.103408598456516998e+01
6.008832911338173766e+00
8.886597205934508636e+00
6.135035143534756763e+00
1.286646653060701873e+01
1.236705966317801675e+01
1.361844054845702345e+01
9.113725657282474302e+00
7.470105777425853688e+00
5.127623613557574345e+00
6.223620751572834564e+00
6.002301404285262265e+00
1.478751129647438489e+01
9.485620160135843193e+00
1.271823388541132971e+01
1.675026706336388926e+01
7.089011386058579056e+00
1.023122867188395801e+01
1.209945112975263548e+01
1.344401975794873039e+01
1.036819070637104190e+01
1.448827820459609939e+01
1.049899109743583736e+01
1.763807313095091089e+01
9.401233822613642488e+00
1.526070672907293613e+01
1.209919312615383014e+01
5.408797039147437147e+00
8.852001734906455255e+00
8.398435469983830615e+00
9.007437809433564979e+00
1.502497394798665020e+01
1.246127353688580897e+01
1.197967010495411877e+01
6.833273290997117222e+00
7.592685462399006546e+00
7.964971961096056319e+00
4.937442389662137998e+00
5.300456843185563649e+00
4.706656397198700326e+00
9.144765607294164766e+00
9.030896349108420651e+00
8.124060311149005287e+00
7.406397295056241781e+00
1.144847504891697199e+01
1.471104137315849769e+01
7.786846640726706070e+00
1.115353692067461999e+01
1.075972621545995800e+01
1.532456568609625158e+01
9.992076594087960117e+00
5.325146771109674937e+00
1.146678154291153717e+01
1.580166156428323809e+01
5.939113394508583887e+00
1.654653554366084123e+01
1.279822163108251765e+01
6.136351416389918434e+00
9.204558039704954453e+00
1.487482204177336875e+01
1.393739701431544731e+01
1.023988078975345317e+01
6.643513455138602808e+00
9.962032119514233841e+00
8.780404436410000457e+00
9.053747149658089910e+00
8.439212268517851001e+00
7.882851193907609577e+00
5.368398404946601588e+00
1.027668946863997945e+01
1.363424484154527505e+01
6.872949524850534786e+00
5.883620342499445321e+00
6.590593087536005257e+00
6.945341112332649836e+00
1.230896854113481353e+01
1.140336971285417178e+01
1.134673484474955529e+01
1.280205859014812653e+01
5.639230025441151817e+00
4.330350865645256953e+00
5.710661014395859603e+00
8.856583700231320577e+00
9.007688726199637230e+00
6.819006053251407629e+00
9.950026608762724933e+00
7.038567952921952475e+00
7.610235376773941240e+00
6.797340819753859620e+00
1.032111883288108700e+01
5.820171281206119041e+00
6.838177211210603623e+00
7.760752520596806647e+00
4.984750555842600406e+00
8.976765762145408445e+00
4.968336471254341191e+00
8.430287422757096749e+00
5.224933550059045473e+00
6.638026683138050998e+00
9.223096190729014765e+00
1.413794401061826100e+01
1.221561412084692222e+01
8.427740585438476373e+00
7.527270963275484839e+00
1.106165242521043091e+01
1.145922186262840192e+01
8.269868147117948709e+00
6.298406970185780551e+00
1.093306886793801347e+01
8.697885013773539953e+00
6.471052390704198132e+00
1.118306843187982302e+01
1.185215772080452368e+01
5.682957096560188326e+00
8.529849557811509442e+00
6.018440202347460577e+00
1.098840361667618915e+01
1.006990847239910281e+01
1.884185708740663756e+01
9.365289389939736253e+00
6.415656561243889833e+00
9.793695746921606826e+00
8.835362670930768658e+00
1.084925851673713559e+01
1.108060011665456734e+01
9.016650617774320864e+00
6.742097704366166511e+00
1.188107865313584455e+01
9.606350864691156843e+00
