1.848306893780242710e-01
1.192450720634079947e-01
1.189712929491868465e-01
1.211500653827104895e-01
9.467679615567088369e-01
9.174531328984787404e-01
3.078596142630969368e-01
9.128486165392971780e-03
2.257177104594695061e-01
1.869369193967627962e-01
1.696035565707871562e-01
1.180880901474079814e-01
8.282027591121144949e-01
9.060882433036174244e-02
8.550646715511771578e-01
3.836658433300581261e-02
2.879826077937051032e-01
1.517927009833684449e-01
2.689205888778687381e-01
6.145884920302765314e-02
1.429994316902478135e-01
2.214818521096809378e-01
1.207313504432913909e-01
4.368658930077154445e-02
2.179432525311117974e-01
2.188780971228495020e-01
3.747429602706336960e-01
9.524493890575780330e-02
9.641411146109157837e-02
1.135007819455974287e-01
4.103868992253469350e-01
5.778125545351318060e-01
6.733223636827438685e-02
1.820762115212606891e-01
7.256597699452746464e-02
2.904645814219325994e-01
3.636137762747834179e-01
2.802502511413159092e-01
1.026729874708120910e-01
1.749777607179145086e-02
2.265624627102293676e-01
6.747018088376016687e-02
2.002202322923614664e-01
3.132809662606833578e-01
8.817433075682969135e-02
2.200508297993055418e-01
2.528357819551934060e-01
3.614023538979869998e-02
1.414444893343292375e-01
1.551589317912078769e-01
9.328551289882009989e-01
7.366555390631303046e-01
7.835301566609521595e-01
8.623647513262208131e-01
5.896458689607454451e-01
8.485572502130923622e-01
9.129889411090919005e-01
6.715611693869896204e-01
6.505000945937834400e-01
9.569874909625067927e-01
8.985210274633923522e-01
4.193474059242893182e-01
9.779993334920199510e-01
6.778968996109350220e-01
5.147011927578284407e-01
9.799013148168054244e-01
9.536337851019004441e-01
8.127704321897627482e-01
9.030667569405496087e-01
4.248884043880197803e-01
6.252247593330084730e-01
4.761907478278689099e-01
3.454961967297787706e-01
9.851965884042056532e-01
2.578541695526707089e-01
8.494738723163920424e-01
8.250470913467060630e-01
7.255325389972319128e-01
8.268815094811056421e-02
7.655216678135737807e-01
7.584590954516281514e-01
8.919152259858218468e-01
8.956204013609361247e-01
9.635357530538806170e-01
7.657068368156241256e-01
9.554915251733808734e-01
9.957761445775151765e-01
4.074284287812933170e-01
9.813931154087276454e-01
8.999501103416948089e-01
7.374370200581815693e-01
4.914270057263271929e-01
5.685515870484444401e-01
8.607610299618261296e-01
2.179965721502825082e-01
9.490646173230831151e-01
8.922801692024198150e-01
6.728473112913668785e-01
8.266722101639307763e-01
9.794470916086714940e-01
