8.395905142632946461e-02
4.127474977508551190e-01
2.118094104640165787e-01
6.138587879452053059e-02
4.316272162210997854e-01
1.892561851062977141e-01
9.996471730240990006e-01
1.700224202220768921e-01
4.510928148417233524e-02
3.194437691068797158e-01
8.113774406354232749e-01
6.280052973983936415e-02
2.777037133956804515e-01
1.717340822057852878e-01
9.388549732031682415e-01
6.148189734992898225e-02
2.134253049316390538e-01
3.052310206851402419e-01
7.764684253713048934e-01
1.797198617092767570e-01
2.535053608194631214e-01
4.592825783731291356e-02
1.907898460424480858e-01
3.624216270159804076e-01
1.158860843550294506e-01
3.031924934784666070e-01
4.170681467237965512e-01
3.637059713704221542e-02
3.273328428123729872e-02
1.249457505476211649e-01
4.877989008729981951e-02
8.181546626536734257e-02
4.169695829318614128e-02
2.281170657086804276e-01
7.361964332986037363e-01
3.598742111507895469e-01
7.438386523982244702e-02
4.661250944288277132e-01
1.009596822899878205e-01
4.905078929106668900e-02
2.394332082078715340e-01
4.266533413964703758e-01
7.963051705231290189e-02
9.596472267216595020e-02
9.144104634872838311e-01
4.383916139415674346e-02
1.643796562537354344e-01
8.681197575202841132e-02
7.182850097019073676e-02
2.407152513242504788e-01
9.997969348034316805e-01
1.932322135236120009e-01
9.996727589199582154e-01
3.894795521572640418e-01
8.518373732045080304e-01
8.968113748380736050e-01
7.202721416656912012e-01
6.053466696780076539e-01
6.427848509686940881e-01
9.497304660707140966e-01
8.275765228108991067e-01
8.430963508294675446e-01
1.820338915541481473e-01
8.807313420544229388e-01
9.644594097457773740e-01
6.514059246508414613e-01
8.289144615350908518e-01
9.986069504539742958e-01
3.793487226313727034e-01
9.482520791773217939e-01
9.774244086097936268e-01
3.118115951126379515e-01
6.300748685452952635e-01
4.262022474224835822e-01
8.020873870112293913e-01
9.912836017866897276e-01
7.102157301061500227e-01
4.702087207734523266e-01
9.820117305323934342e-01
2.498708403672277867e-01
1.602604830745718301e-01
9.998601128207125210e-01
9.681688044709713115e-01
9.343402462471659398e-01
5.085322634486365567e-01
8.780018336013214464e-01
8.046773702617188162e-01
6.498029884760184727e-01
7.525089868982310914e-01
9.999454554726517896e-01
2.342785725854247825e-01
7.147137626919063402e-01
6.953308880671181802e-01
8.041847088787817954e-01
8.354013748988725618e-01
5.220584791672644442e-01
5.029738557814027455e-01
7.232956640366019485e-01
9.979439320225363952e-01
4.142511836155006177e-01
