8.718748093121035936e-01
9.998273719052102049e-01
9.999739326372218962e-01
9.999330381698023906e-01
9.997897697579929410e-01
9.979071113763459122e-01
9.994296429213771482e-01
9.999999439218840713e-01
9.994160582639610713e-01
9.999959401662859015e-01
9.998914006675750921e-01
9.997050219873775401e-01
9.981379804791252752e-01
9.996540771149883264e-01
9.999952682278020477e-01
9.155671692843023735e-01
9.999794388541183299e-01
9.999856320193399872e-01
9.979437570303033578e-01
9.999985138436195964e-01
9.999993311201906820e-01
9.991195492642316323e-01
9.995198428876780339e-01
9.885318659467922098e-01
9.999998630207064254e-01
9.999999575789368933e-01
9.999767865980258019e-01
9.831406742383985708e-01
9.999841683131992509e-01
7.060548781038136767e-02
9.958534577655047126e-01
9.999723365024508759e-01
9.999991334794274822e-01
9.999870099458725292e-01
9.945291905064742588e-01
9.988736719692180577e-01
9.682767165262212705e-01
5.728347817407730691e-01
9.999551380882344409e-01
9.999889348764889885e-01
9.989689634835552390e-01
9.999755168637706193e-01
9.999980055863846307e-01
9.968422502668713436e-01
9.999446680749343175e-01
9.962467562945576116e-01
9.999975315870435200e-01
9.999999724765308295e-01
9.998296263608058565e-01
4.130071139806523739e-02
9.987239233998805865e-01
9.723354237179239190e-01
9.999913078996897076e-01
9.985691543757122535e-01
9.853945277954279103e-01
9.999993387368065756e-01
9.994627686713315473e-01
9.992806289677312881e-01
9.988360247832892558e-01
9.998883648010243874e-01
9.996645218974623548e-01
9.999745113726151713e-01
9.999999423359164918e-01
2.504782030499913461e-03
2.929218934211989811e-02
1.988815736564000514e-01
2.205853216118998372e-01
7.193134780796964743e-03
5.550361607149606469e-02
4.087534993340970549e-04
3.681029491983948721e-05
1.224265871386044690e-03
2.832938892691352385e-03
1.869142366796508470e-02
4.290648037597637014e-03
2.537490953737082666e-01
1.700060616404092464e-02
2.047413559359331434e-02
1.448319480459168539e-03
4.925241478353951652e-01
7.228954418137966201e-03
3.493393865078624693e-05
1.328937370476077420e-03
7.302335333791439009e-03
3.886268515161939857e-02
3.407193430853636129e-01
1.104545401852474219e-02
3.555746699749262694e-03
1.559346382520126984e-04
1.619034450485831028e-02
1.974460533344982449e-01
7.176529115050884686e-03
4.262546185672554111e-02
4.255298339991344346e-03
4.788857466495068799e-02
1.672666329154894483e-04
1.301787889114875904e-03
7.559026467712356978e-02
2.901791315885689270e-04
5.796650936245453323e-04
1.366196902583726911e-04
1.476172739690535807e-02
2.012076920601215888e-02
6.481556175266443799e-04
3.189153774936976937e-01
1.265521144162311089e-02
2.551214349297272616e-02
1.449362641081564399e-03
7.073086938796742384e-02
8.068614572075580305e-02
5.866444261085748462e-04
1.289230327348381555e-01
7.638207524463302804e-03
8.870448788469828538e-02
4.692536655044260430e-01
5.709508576251095743e-03
7.930309095524341444e-04
9.520840060821213202e-02
7.028627596566068862e-04
1.233149123050738746e-02
3.383223264162824040e-02
9.720271880778161289e-03
9.141723568641289821e-02
9.605548031801985302e-04
2.111847040825163592e-04
7.750612237216727429e-01
